$ANSIBLE_VAULT;1.1;AES256
37396631396632343436303133643862626165353436633432363439613535363838383561373037
3639616434313966666132393735356134623338633361640a646162353139613932346232336638
32663039636438333631393064656639393131633266373164303963643961343931353661373037
3665363738333865620a643739396364363863363236366135346630623735353562343432393664
36363265386634343537396136326532323632653663343362643266376166393539623935363330
34313930613232356162353837356564353332653433373363663765376635353936323764626435
63633137366234356666326363373261353661626664623965613437393133353239313336633630
61633335346165653865346337626562373664633765303461303638616632326135346262396461
37616639383937363337383039343263653434336462646130663964646461353164386232333033
34346163393332313966313432643732326363353835346330383432356561383538666538373031
61393538663031383935396633633637653863363361623932656166363465313037626234653564
62306365656235343235646662633962363832343135393237663530303234616530633133373938
39366366336538336433386161373065343236653933353132626662333133666337636230313930
37373933643336646264663236656232306134646637333662313330633139626562363962386130
62303637636565656264656637326137633831343035333761613737386338383464336339303762
65383435376131336237306337623264613639316164383135336135393133353433663138626266
66383434353038653764316430643261313736623537633465323062313262303835313639346531
35663434306530396539633863316530303261393039333139653362613536316632373062396364
66346661303666616137666162663965346637623732363665323561333130613864323264313364
37656265616562343734303261373537663031373965333761656364366530373032343639653838
34613966343539323331613439646633623032313636663961343030313238303262303439386361
30333538303361653334646231656464636364306234383236613965346433643236623762643564
65633466623539343735343863653465393031623066326237656431363763333830623631613939
36343232396464356361373465366135613461383162356536356363326430393732623766376636
36373531366261353661376230626461353465653833393264376131393762656132643766386639
32626536393633643531363063613761363834376161656365376430336336373138363537343037
37303861613435613661393762366134393337663462653365336632373239353366393364643537
33356435373862626138376136353930333063636632346633303130663632636533663366366262
30626439623039323930396230386235663463303433306335633739623538623939623837356437
33663830623665333332383331306661336139333266663765376236656335643264353761366133
62613437393963656135366662383433616630346462323964643034313438376132363864653366
35363764323862633866323066323636646530633333333233646130623531653230336636643935
39376634356239616464313266653538623061386231333631363963363231633334623936333365
66633938656466376462386235633030623930393837623831626236343533633231366630383632
63393361316339346565383734343963386636663834613733303764313230636433616666613236
38383065616339663238306565343864336532336435303663383236663138653765373763313165
35626561373938643965623261306562626532653866643332653832386232353664353837326337
61623063326335633832323831326163363235373735373762613762626166613639646662353034
37363637353064663133386331356436336132393130663432386165623938313864396561363634
66336161363630363437376363386232356538663366613462386635306266653666613333353433
39376239656161396363393664643931333737616538383363393635363866396563626333636361
37633834333630393261376661323130663336373639316361623063353532613332636438343065
32386231663363326339616534663238343133363135396333356465316137373036353261666339
37316138323965363831613638643564613635343737623061633936353439373965383565663238
61313565323730663265633963353365343035393032646434353430653432366561646630636634
38646432386461646433383433346266383637613466356232663363353834353862333465643332
37666535383834303035356161336438386531386233303464663764623933383262343738336235
61353262623038366639363837353135666133383634333339323430356461373536663337336136
34303032663731373064646532306164336665343263333230343265336438303139623934623833
37326539646135646238653637626561373965646363333464623763383731326432623365303866
37626333303132313236383865663862323738326638643131386230643433333361326133303265
62346462616263316663616534366662646430643437376362373163626562323566306330653261
65316264363331343536306438353864643161643037353636656335383539336662656562656331
65626630643134346364376636386232346465363933613932323162666130623866656138623832
66633161646233383265383531383130666637646364366137636631373435643934663133376331
61383163636630316632366235636230623739666230323439323836386134373634333061303864
36343637633163333866383038616661383661383633643861323138396264396339333536333633
30373038636265333033663331323361613864643438333937356365623138623636316565383964
66363035663932356264653738326366366536336438666166313234366461356638653935613739
65353761366362656461393135356632613463653430666463633961386537346433386664333166
64656466393535663436626235306530366139656234366539313031633930643465353662313639
36666535383462393031666663646536316465623261336132653335343665623463333861626136
34393331336139666463646631373065306339653564643563326334646261343065663432613065
35393136613861616534616532336365306463653132323536663935396535343138333065366237
62613132373733613033366362316435316162333232653835326566613132363636323866383433
65646263333965366364333539383361383862653731663664346435646138376230313365303131
37366435663032393238366438313562366635623030386532383131613437616134353131393335
62636537373966346539373231616634313839393761393865376134643862303639393365303866
62353461633236613232326231313566373738313465313363393538343462313232393762343130
34346361376433653564303338663932633331353965646466643633306332613063643437363735
65613330323033663139623362376334306138653233626132646632613036653961653331353063
30353930336136636135343561333431303235356636623132616261346437613832323032373864
63353633326634666462386666666562616464396337386336643338356365633635336264393665
39343163313664306638616263663730626566303730633236313162636436343530353139653436
31303133306466613161313663383838666633616333346132333562356661336261303438636662
34666536343532633366363063666231373266646564386531343864326135656133663965363664
39646432343861353433393963386631303866626135396236643733356661313466333866396438
36663166346634616166363631616238306537376666333937393065633766343836376536663265
37386335643363346161626366663032393933653933356131386564306631333437643439306636
31383066656237666330363762346233346636343235343034306532613730616133653035316461
38633136643138613638303866323032616565643865386337656435363737306565613330353563
37613132656330626631353662366630663134353332396632346334643530646531646161643634
33326434636464656639373238313539333563636338323335666135386165653333376134333031
31363538653238303830613332663935663130376531643531316334326666386338363762356236
30353039316265623435353165363038373134393338626133323261633531656333383731373561
37626533383962653763333739343834336561303037353737333039323132353335343766646562
34353633326231656637366430363931613033376561656161653336366534326235636264326330
31623564326664333462663033326632393862613236613737646231356163626134613565653135
38653839633634373066623434356230646536396166316330383732316633353763633131353930
66623062316661393065613666626464633130373564616432653334333832663031363734333166
32383335376466326463633366336232316435613234323237363530633439356566616564653037
30383631626539633037333964613436346433616265636236383863386231346130393261323639
33653132653365393330323032336531366163623738303032633530666438306264373533343332
66646136306564653032326364386531386264636431376330626462623037343462363538666165
31336134356132333434666633666439636165386662303132353163303361363162363033373135
31643864623561613164623531363465663366303666356332646163356264623138633936396235
32646466666439393530376531313266366165323235303466316463333833316231623236653334
64623463383231616330326666616238366361373566393965393562393031363630336338646632
37646662633633623837333463363039376663623938326461316636306566353438646662613336
66313634303136616361313063383066363965346539356130333664636564346330333735633066
35353830393862333362653238656662396666616231336133373338353231376465386262343139
30366235373236663864613334306236346664363635643862653836633235343364313632323262
34363336316636343039646665326632626665356165633732336238356438316630356438623736
38653838636136353332393338613135393038613236306334643732626138346236356633373131
34356362653834363933316232373039616138646636623563643065393036373463356464386536
35633533373561386262333666383435303035636337343663623732626630623339346135653437
62643737316233373734646633323562376230646262306464306465356539316461343936653765
37663231326233316433643939653465393032343736303364613839626433346465656138346162
38623830346333616238626633303166356138633131326638316661316138613562623862623733
39333437666230373239636438366130633730316562376466316436653639326162356138393436
36616430666362306139333761663266376665363137616562373861323230623935336630666563
62313737323365306262336332623239643364666137396363373334383263326236323266323438
30383135346666393633656233303534633435666433393763366235303636363563393236653366
66366466323739663937333337646536383562623733386538343137643862313931326532343335
37626166633564363433323733373162333137393336643566313465386137313238663435383330
36656663346236306566306661303433316335666365633065663237313534666338666262363036
32653239313965633835393965303966636536373463626432633961383261333032393434666364
30356366613365373137303064333634663663356137643433633663643830356331656237373966
30626531633333643663633838623732633731353833303833373032383731336462646437616565
36333235383163386232643062373263666236326334323731343733623835383363643965316131
31323536336439646562343761303364306531303231613261363637656131343735323961323466
38353536306432666238626134366163383364323230613061303261323231333463346561383565
38616439663839356532393463646537333437376163313765313235636662303232353038653530
62643437316165373663366463383839346437623164356634373635313566653337303035393633
32613265633739303030646561396561363233623838626663646231623934373233303937323331
66363239363434386635353932653034376466363366343031356431326536326337343433383864
38343231623561346432343737613831393531643263656330643831316166666439336163646330
32663762363962353236613337626562653334363234303833316539353130306433643833313932
61663737316534346664333762626563383161326138643066656264643435376435353731346364
33323331646461313839323465653339386135356138333237383235623334313165616139643637
33313361623963323435303030323864323732353763383230383635303966663333623335633066
65343035623338333163353331373362346262646236353636633965623533656363306665626463
37666665346531346435363937376630653738656437373963666361613164306239366365633161
38346330323439333538623331616234363032363862373662386338343536313832373266666635
31333838363338333734373437346365643632306330313164646437356638323332613633623839
32663365653434636664616463343966396338396231663266663531663834306534313961343437
63396330316130663364643733376365383039666134616364666130663336303030376135313864
30626436356434373934616335353766646563333636363234343164336639666330393165343566
35663438356634633431366163383238346464626234393061326339663765346562386462646536
38643538396562613630373837393064353361636566323563623435346131666637376661336236
34356462636361393366626562306665643162366431373662646337666135643764646430623838
64653563386134313662633031656334343532386337663837656439363366356464303533363834
66323934386233643864343061303635306563643761663864326138313931303665613236383333
39643537393063393334623363343061386339656633643839366533623934323836636335613431
36353965653936643733613333636138396538303166653137336266386336383235386638346433
63656463646465366162343464396239666437653865313064643264316462666530323637333762
36633433636339386431396263323132656232346430346163333638396631326431373639303631
65636661306533333762306530313037666239383031623662616533333766393234313830663563
63636266353136623032373864366438656364623765333636393533653130386235623863323263
61346530633332343061356463613566363266376566393633383264653462393838303163386261
39376639306539623333383561616665616666653738613839373162363032303332393536636264
39633066323761343934663164316133306436666439333864373261306439386638653138336261
38613837383838333061316530623161623438353362376330333862386339666565333665653665
63613138616433373639396337363333393530643438303662626539303331623930346563353266
30666530613734356536366261346436333965326138323630306461333961336263343330313032
63346235326466393834346266353431363062616330383865343330336334373563623231376436
36623365343633373962656630386163623837623962373236633861393863386466626535373062
34363864393661626337363065363861376565376239646235336634643731363439343030613039
37323536313531613730636234353938326131623738353862353731636235333263613836646363
36623265363132633636366635613864623531643262373863666135666431626438346165623438
34626365613938373565646437356133633936373631666263623936353437396462316431363035
34666563356466313364636639303637646364383762373361653639653638613436316336626237
61363937623230393031316661373665393935653565623037646663353965316431376131366437
66636230336232396330323339653632636264313633373465346164393730666333616361306632
64333163396131353263323430376635333338663664343438623335613063646635663063393162
66623362376136666539326139623066656538613664303239393933313464366364656365613561
32666561363166336631386337306433653833316433316462376466643732613139303739663463
30353365363938336138616336336430353239326638663435393131663266373731393739623461
65343863376236653231396239663332353435623836353461396635353530623265613934383833
39643032383534336138326264633039386539656534616135343964393031626132353362386663
30313761316361666336393038656631653430653932643133656664373030643930353463363361
61306162313132656234646239336633623931336332313061636261393137643963613431616237
64323266373133643163373966613438353038303930363331666639386661376630633936353063
38306662346665353835376361393534303238303063393132633430636564373162373039653261
65356330653239303838326562363037366564353433323935663235306561373561613539356162
35626666336238663966633936613739626364616463346462396234346133393064316333386337
33306438396134313131643733333635653064326665336464346261396266643466376635623736
65333731396463383064613237343538386232313436306265613063373434636336323765643433
65323235656566656136393463663634643038373635346462663365626539663132376539623464
64656537363963386237613235323636353564656538663934636161626564643163323735383561
38313363376533346661666535633032386631653361663262633765346265323431346163366630
3736643336323636633539643733376635343638396662333435
